014701202002
014701207007
014701219019
014701220020
014701221021
014701222022
014702207007
014702208008
014702209009
014702210010
014702211011
017200004001
017200005002
017200006001
020600133001
020600134002
020600135003
020600135004
020600137005
023100100001
023100101002
023100102003
023100103004
023100104005
023100105006
023100106007
023100107008
023100108009
023100109010
023100110011
023100111012
023100112013
023100113014
023100114015
032700020001
032700021001
032700120002
032781601001
032781602002
032781603003
032781604004
032781605005
032781606006
032781607007
032781608008
032781609009
032781610010
032781611011
032781612012
032781901001
032781902002
032781903003
032781904004
032781905005
032781906006
032781907007
032781908008
039900018001
039900019001
039900020002
040600020001
040610002001
040610003001
040610004001
040610006001
040610020002
040610020003
040610022001
040610024001
040610026001
040610030001
040610033001
040610034001
040610036001
040610040001
040610043001
040610046001
040610052001
040610054001
040610056001
040610057001
040610058001
040610060001
044380011001
044380012002
044380013003
044380014004
044380015005
044380016006
044380017001
044380018002
044380019001
044380020002
044380021001
044380022002
044380023001
044380024002
044380025001
044380026002
044380027001
044380028001
044380029001
044380030002
044380031003
044380032001
044380033002
044380035002
044380036003
044380037001
044380038001
044380039002
044380040003
044380041001
044380042002
044380043001
044380044001
044380045002
044380046003
044380047001
044380048002
044380049001
044380050002
044380051001
044380052002
044380053001
044380054002
044380055003
044380056004
044380057005
044380058006
044380059007
044380060001
044380061002
044380062003
044380063004
044380064001
044380065002
044380066003
044380067001
044380069002
044380070001
044380071002
044380072003
044380073004
044380074001
044380075002
044380076001
044380078003
044380079001
044380080002
044380081003
044380082004
044380083005
044380084004
044380087001
044380088002
044380089003
044380090004
044380091001
044380092002
044380093003
044380094004
044380095001
044380096002
044380097003
044380098002
044380099001
044380100002
044380101003
044380102004
044380103001
044380104002
044380105001
044380106002
044380107001
044380108002
044380109003
044380110004
044380111005
044380112006
044380113007
044380114001
044380115002
044380116003
044380117001
044380118005
044380119001
044380120002
044380121003
044380122004
044380123001
044380124002
044380125001
044380126002
044380127001
044380128002
044380129003
044380130004
044380131001
044380132002
044380133003
044380134004
044380135001
044380136002
044380137003
044380138004
044380139001
044380140002
044380141001
044380142002
044380143001
044380144002
044380145003
044380146001
044380147002
044380148001
044380149002
044380150003
044380151001
044380152002
044380153001
044380154002
044380155001
044380156002
044380157003
044380158001
044380159002
044380160001
044380161001
044380162002
044380163001
044380164002
044380165003
044380166001
044380167002
044380168001
044380169002
044380170003
044380171004
044380172001
044380173002
044380174003
044380175005
044380176001
044380177002
044380178001
044380179002
044380180003
044380181004
044380182001
044380183002
044380184004
044380185003
044380186001
044380187002
044380188001
044380189002
044380190003
044380191001
044380192002
044380193001
044380194002
044380195003
044380196001
044380197002
044380198001
044380199002
044380200003
044380201001
044380202002
044380203003
044380204004
044380205001
044380206002
044380207003
044380209001
044380210002
044380211003
044380212006
044380213007
044380214001
044380215002
044380216003
044380217004
044380218001
044380219002
044380220001
044380221002
044380222003
044380223001
044380224002
044380225003
044380226004
044380227004
044380228002
044380229003
044380230004
044380231008
044380232009
044380233005
044380234003
044380235003
044380236005
044380237003
044380238003
044380239002
044380240002
044380241003
044380244004
044380245001
044380246010
044380247011
044380248005
044380250003
044380251006
044380253001
044380254001
044380255001
044380256003
044380257003
044380258002
044380259001
044380261001
044380262001
044380263002
044380265001
044380266001
044380267001
044380268001
044380270001
044380271001
044380272001
044380273002
044380274003
044380275002
044380276002
044380277002
044380279002
044380280002
044380281003
044380282004
044380285001
044380286002
044380287001
044380288002
044380289004
044380290001
044380291004
044380292005
044380294001
044380295002
044380296004
044380297005
044380298002
044380299003
044380300008
044380301004
044380303001
044380304002
044380305003
044380306005
044380308003
044380309001
044380310001
044380311002
044380313004
044380314005
044380315005
044380317004
044380318006
044380320001
044380321002
044380323005
044380324009
044380325010
044380326011
044380327005
044380328004
044380329005
044380330001
044380331001
044380332002
044380333003
044380334003
044380335003
044380336001
044380337003
052001201001
052001201002
052002201001
052400009001
052400020001
052400021001
052400024001
052602011001
052605011001
052703011001
052706011001
052707011001
052707012002
052806201001
052881011001
052881021001
052881031001
052881041001
052881051001
052881061001
052881091001
052881101001
052881111001
052881131001
052881151001
052881161001
052881171001
052881181001
052881191001
052881201001
052881211001
052881221001
052881231001
052881241001
052881251001
052881271001
052881281001
052881301001
052881311001
052881321001
052881331001
052881341001
052881351001
052881361001
052881371001
052881381001
052881391001
052889971001
052889981001
052889991001
054306201001
055401201001
055401202002
055401203003
055402201001
055402202002
055402203003
055403201001
055403202002
055403203003
055403204004
055404201001
055404202002
055404203003
055680036001
055680136002
055680236003
056201201001
056201202002
056202201001
056202202002
056203201001
056203202002
056204201001
056204202002
056205201001
056205202002
056206201001
056701201001
056702201001
056901201001
056902201001
056903201001
057801201001
057801202002
058201201001
058414201001
058414202002
058415201001
058415202002
058415203003
058417201001
058417202002
058417203003
058423201001
058423202002
058601201001
058601202002
059101201001
059101202002
059102201001
059102202002
059701201001
059702201001
060801201001
060802201001
061001201001
061201201001
